2.40000945881121
2.07690993820308
-0.197996258593894
-0.739465927473394
-0.812350441071702
0.255330735865236
1.78348436169387
1.88400426610879
-1.29864591014805
-4.35173718743096
-2.08405635426382
1.18051346590933
3.49951738950759
0.0574008556186502
0.44667348919595
2.72908409639362
-0.263726839999555
-0.306011928210054
-2.95057430925263
-0.215726334742645
1.20516332203196
1.18297935336149
-0.476985053794385
0.441013309785543
3.14826366174927
-1.21282882467706
2.01384259511777
6.27257976585729
4.17166716122286
0.282019226343568
2.20859467739768
0.357309835981302
0.0902046780077444
-1.88571218996642
-1.03695182723364
-2.97203714412889
0.712035934854567
-1.16139605310347
-2.50274361313777
-1.77284673618962
1.46460119360262
-0.44043231791519
-3.88190738684033
-0.696108053451301
-1.78656717843331
0.0593378310883652
-0.716543287413187
-1.20346230998586
0.605000930278824
-0.750344406066996
-1.84237959459372
2.92895067088932
-0.359289328503349
-1.32723942297739
0.714790890476476
-1.43225504317343
3.18947770163497
-0.166115123229069
1.46509404701343
-2.44471524114545
-0.508003907588791
5.22511915563396
-1.6224987989608
-1.21927861928575
-1.03984316608613
1.98384680664975
1.83368923684256
1.80488264121623
0.350581276913434
4.30397306129696
5.46335101692671
1.29267725539141
3.24986603053694
0.261622936982731
0.730127597844309
0.901070382404425
-1.21069520613465
1.25669344091289
-4.30473403559179
-1.06567308199652
3.32872669652894
-1.86391173840333
-2.56712755230896
1.2398870193052
4.90110347120323
2.45384728968659
-3.08649218186297
-1.08198740578371
2.42080618633653
0.353661192420938
-2.63209381176464
2.64643056981189
1.59925246747174
-2.24637879859367
1.02336830874428
-2.8068114821694
0.451943762627338
-0.173430680124865
-2.28576665368002
1.83711985829018
-0.40412491704159
-0.808118444791367
0.592258116433825
-1.20051623322579
-1.90670379703887
2.00658471473606
3.58882869854178
3.23751637102827
0.488573086770281
-4.4198007595391
-2.11910424807982
4.70656524959533
-2.41746710220099
2.66807575418448
-1.73132819730542
-1.29248105957163
3.50258806932469
1.70114761480357
-1.88409291228009
-3.51566561247889
0.519992339017538
-2.62341545075986
2.02378248582998
2.68977288569162
-2.89369499677618
-1.29881188386519
-1.32831582010519
-2.77383913993117
2.60091013722967
4.53871689630447
1.67363676483058
-2.21212892784577
-3.28244101595242
-1.47962534841337
-0.80170567848097
2.67457788456618
1.72246663263815
2.74074507984321
0.0550893294881408
-2.57035116376415
0.556598348263125
-0.987805752656254
0.709109330876312
0.501503009514341
3.71509292957459
-2.64093603135395
-1.64382921301299
1.81694628084763
-1.01299398578709
0.425715092288891
3.61241732237978
-0.0536771695715009
0.245199516751851
1.38436037538961
-0.399636316028069
-1.02816980181624
1.56443260453083
-3.09379280093527
-0.720440289611064
-2.61161687871212
0.532799237560112
1.92625379369825
1.51026491340159
1.35261017599324
1.81624845848338
3.92682621923937
1.25342713486187
-3.20009787214982
1.63924045880706
0.74241035407686
-1.5011962491035
2.93979097259587
1.57752444819754
-2.69398971845272
0.818997238822411
-1.89783424555002
-0.935471206725956
1.83964662094476
0.642704177998284
-1.00486441711187
3.51889887657801
-1.08662077606213
-3.6686477297408
1.82006620652333
-2.07429226194903
2.53197785118334
-2.25342706260522
-0.160282411743339
-1.17723052599299
4.09505775663191
-1.26874731918316
-2.18747015565901
-2.40076152314356
-1.09705216046985
0.360851594705082
-1.40079721548262
-3.67360938709781
2.60609564003058
-1.08063395198976
-3.12142770494738
-1.21695237346931
-0.997086394799537
0.792395805095028
-1.11328270247307
-1.4094489205809
0.934698296868361
1.77850020625427
3.12700002657036
1.43665377982216
-1.15821364757416
-0.149762771072136
2.05297789973261
0.234243480888196
2.76763435941483
-0.0515217805601484
-1.39604760278169
-0.382191859615336
-1.82065982433793
3.03900786419823
-1.69397234083334
1.00992883808089
-0.967296406708682
-4.87439395632743
1.82533057074505
0.407295253795887
3.5023683509459
0.95181980278613
3.35806619100046
-4.62128070148235
-0.147887620841654
-0.0380822745423366
0.331060281366113
2.83773219790559
-1.36615211155424
-2.24013975543489
-1.99910438403477
2.79612775503
4.69701397601334
2.07152542997254
-4.4457044611807
2.92730794867116
4.10957327104552
2.15622992639026
-2.36218900536402
0.591548460240229
-0.21149879642225
6.13076288692186
-3.21743616553977
-2.5321548801422
-0.28473020532671
2.33509446405687
-0.962282491012003
-0.892290252415172
0.486010722797965
2.01309308303927
-2.95382245831052
2.10817901537847
-0.552738569683909
1.25295749845117
-2.32247731304761
0.882318699095888
-2.05400509521154
-2.41118046240944
-3.27086131660765
-0.0126739186100374
1.8050824318922
-1.4695713003829
2.39762202826539
-0.163022292958062
1.01370370324895
-0.861030797813876
-2.83754052481093
2.0124773750531
-2.59470125264935
-5.91967752430687
-2.16497106930927
4.4519332595293
2.00941619564305
1.92043772328373
0.309554523102033
0.641204871179227
-0.899994523300262
0.34058628092134
-0.335743281203887
0.208146121723552
-3.43416363557592
5.57116692186677
1.63333011054872
-0.34731362979493
3.89256586629206
0.173643177072559
-2.16442762941438
3.51207188584409
1.20858310788798
0.112904378501145
2.61971305561673
-1.03156573038355
-1.18909651390165
-1.70794965197068
-0.482051466425919
