-0.760819004086217
-0.161784784025963
-0.464103376674076
-0.0892144171946965
1.22898966851774
0.206982285984979
-0.379679123994095
-1.22119122737052
-1.00469292961608
0.80274722165025
0.901081015578401
-0.200480840432866
0.972748462182012
-0.76937370571673
0.550545176853932
1.19817181337269
1.07584809589648
1.79509042451953
-1.29613977023492
8.75444952432056
1.6515020787348
0.863344841397119
-1.29283623178567
1.6204591898524
1.23639117087101
0.173759980797981
-1.15408196529817
-0.517231183322749
-0.157428028039547
0.0432007461403143
-1.47931096792226
0.857141597638787
0.709668404489154
-0.0265449021703596
1.12863448326499
0.354798101299472
-0.488973936788498
1.10257515566834
2.5351673019168
-0.739225678975782
-0.798922071571128
0.369663114234338
-1.21606204667453
0.816328031306491
-1.29970129914009
-0.566151092286935
-0.167410497206046
-0.18630916652417
2.24585083519641
0.697539024469886
-0.66299451997333
0.710281564739422
-0.702377311056042
0.208260966906604
0.992372162969676
-0.273132004837269
-0.149558325269544
-0.363550384571457
0.9057360834683
-0.302026210597077
2.19282557511178
0.024447472947359
-0.101039512946482
1.26067246924595
-0.700971237152683
-0.0880081196926477
0.418722636620394
-1.09261275785627
0.0987807902357608
0.453706641815381
1.43228806103277
0.233630111799777
-0.414320457721223
-0.132023135608626
-0.0347256368116725
0.750050244666548
0.677845494489422
0.824587855248998
-0.537705693724793
21.0217029626272
-1.35787324645631
-1.07164061829975
0.195951451135273
0.384728098141176
1.18311661036432
2.18338216689291
-0.994938985444702
-0.439895064665033
0.0331916079386838
0.323652245001152
-0.29820882293564
0.0788940556882357
1.38773043335899
-1.21384969157394
-0.0560715270961345
-0.668960870264189
-0.109560874215899
0.379401528613312
1.11182154525338
0.748040580803004
0.51588836062123
-0.271015247717265
0.378544626124049
1.19785635364309
0.615264238473063
-1.29311269556684
0.63314416976601
0.513694371820572
-0.0535248554240821
-0.508289298957621
-0.043312527126109
-0.697142992842347
0.333019047862787
-1.73008425620946
1.32827718812579
-0.591056822553448
-0.782891812248031
0.356383172680824
1.28627451729917
-0.48834041751355
-0.737432015860127
-0.398005288047111
0.346251547984965
-1.37656530178647
-1.24326183614902
2.48921737543734
-2.23102015955638
-0.120384244463112
0.977172209117263
-1.30537116760203
0.925527825402296
-0.481689588415527
-2.1225804076746
-1.20148298525596
0.218155472476122
0.7963075261618
0.177067423339357
-0.0050539935269737
2.13703405849732
-0.799033836630625
-0.287078088153687
-1.08565688389408
-0.478226205442743
-0.502894565727589
-0.31950652484865
0.719494355875553
1.10070585189928
1.07180059311286
-0.0205449832265097
0.485856795139818
0.845771072726541
1.89950085832415
0.246100500424214
2.32517023067219
-1.53395057973866
1.42363238391893
0.726574989377218
0.485431585353161
0.839466326194719
-0.603714805878617
-1.06479359504065
0.75354795254253
0.516423972654615
0.120123095906185
-1.35607319998281
0.380155956915751
0.304135180113818
0.880817438483
-1.02497867361408
0.691640655243956
-0.109987345371978
1.67298446393514
1.36575068468408
0.771527291020811
0.0846017740986423
-0.609207093084945
0.101874034996296
0.442844486286934
1.19832480028619
-0.829685345851777
0.322139326726022
-0.203835906351593
0.360167218036438
-0.791765451002766
-0.892968622228522
-1.3310385592325
1.61341487850583
-1.21343180148013
0.150318107093237
0.945405491909207
-0.352045063811239
0.716526164658044
0.946928085071961
0.77407116177347
-0.435265253714667
-1.04191078102053
0.825170260574756
-0.0920514970177843
-0.531613505685827
0.297402367973043
